VERIFICAÇÃO DE IMPORTAÇÃO POR INBOX
Data: Thu Jan 15 08:05:43 PM -03 2026

Evolvy   CW   Dump     Importado  Falta    Status
----------------------------------------------------------------------
5598     1    26179    26166      13       ⚠️
5599     1    5336     5333       3        ⚠️
5600     1    8269     8267       2        ⚠️
5601     11   6962     6958       4        ⚠️
5608     7    23       23         0        ✅
5871     7    8374     8320       54       ⚠️
13726    11   22353    22353      0        ✅
13984    11   8927     8927       0        ✅
14448    12   14235    14235      0        ✅
14450    10   11       11         0        ✅
14453    13   10168    10168      0        ✅
14483    10   16545    13000      3545     ⚠️
14515    8    4704     4238       466      ⚠️
14535    9    2122     1947       175      ⚠️
14638    12   1677     0          1677     ⚠️
14639    13   2979     0          2979     ⚠️
----------------------------------------------------------------------
TOTAL         138864   129946     8918    
